168.63671875
255.99609375
211.56250000
255.99609375
132.75781250
255.99609375
255.99609375
255.99609375
98.68750000
125.89062500
98.21093750
169.26171875
255.99609375
255.99609375
255.99609375
255.99609375
131.07031250
198.26562500
180.43359375
218.59765625
255.99609375
255.99609375
255.99609375
255.99609375
86.20312500
184.29296875
182.72265625
165.80078125
175.60937500
255.99609375
255.99609375
255.99609375
3.65625000
4.08984375
4.32421875
3.21484375
109.75000000
105.14453125
134.76171875
90.26171875
255.99609375
255.99609375
255.99609375
205.73046875
255.99609375
255.99609375
255.99609375
202.70312500
255.99609375
255.99609375
255.99609375
232.49609375
83.83203125
79.36718750
111.38671875
64.82421875
255.99609375
255.99609375
255.99609375
212.78125000
255.83203125
255.99609375
255.99609375
195.18359375
101.05468750
156.60546875
135.43359375
126.03906250
178.30468750
237.26562500
178.37500000
231.33593750
101.51171875
141.53125000
119.59765625
142.26171875
73.08984375
103.04296875
86.66406250
107.73828125
19.36328125
28.30859375
25.07421875
31.95312500
59.12109375
71.91015625
49.16406250
75.03515625
111.86718750
152.80468750
120.77343750
151.91015625
15.29296875
22.82421875
21.80468750
29.89843750
85.91796875
100.37109375
80.98437500
36.94531250
106.53906250
144.86718750
102.18359375
59.75781250
115.02343750
144.96875000
113.73828125
61.70312500
255.99609375
255.99609375
255.99609375
221.49218750
104.13671875
144.58203125
83.32421875
66.62109375
201.96093750
214.20703125
153.98046875
70.10937500
92.90234375
96.76562500
50.90234375
35.16796875
218.84765625
249.46484375
129.90234375
103.95703125
64.54687500
64.80859375
34.84765625
63.03125000
226.95312500
222.51953125
142.35156250
207.75390625
190.66406250
209.07421875
106.09375000
197.06640625
250.58984375
255.99609375
155.29687500
236.13671875
255.99609375
255.99609375
162.36718750
234.66796875
87.82031250
112.25390625
70.86718750
96.18359375
42.37890625
41.44140625
19.45703125
44.67968750
67.19531250
98.68750000
39.64062500
45.03125000
215.53906250
255.99609375
227.49609375
255.99609375
255.99609375
255.99609375
255.99609375
255.99609375
255.99609375
255.99609375
255.99609375
255.99609375
255.99609375
255.99609375
255.99609375
255.99609375
255.99609375
255.99609375
255.99609375
255.99609375
255.99609375
255.99609375
255.99609375
255.99609375
255.99609375
255.99609375
255.99609375
255.99609375
211.54296875
255.99609375
199.23437500
255.99609375
56.14453125
65.37500000
47.60937500
22.76953125
88.04687500
95.76953125
72.05078125
42.44531250
24.10156250
24.68359375
19.93359375
17.00781250
132.60156250
153.17578125
111.98046875
90.52343750
75.39453125
83.06250000
61.77734375
42.14843750
114.67578125
126.07421875
96.71875000
86.20312500
137.52343750
154.57421875
117.48828125
112.61718750
173.14062500
197.00781250
145.08203125
73.71875000
114.65234375
50.31250000
85.79687500
77.39453125
12.13671875
3.92968750
14.93359375
9.60156250
15.56640625
7.22656250
19.04687500
12.40234375
103.50390625
51.54296875
101.17578125
79.07812500
52.50390625
15.64453125
63.80468750
42.18359375
50.23828125
17.33984375
53.75000000
39.47656250
28.36718750
8.79687500
32.48828125
21.55078125
89.69140625
35.60156250
77.21875000
66.25390625
48.16015625
42.15234375
66.94921875
42.68359375
253.18750000
219.96875000
255.99609375
252.96484375
211.53906250
178.51171875
255.99609375
228.26562500
66.40625000
61.98828125
107.28125000
77.66015625
66.69921875
57.67968750
96.39843750
60.41796875
79.28125000
70.02734375
124.18750000
77.03906250
199.42187500
171.87500000
255.99609375
200.02343750
255.99609375
255.99609375
255.99609375
255.99609375
35.48437500
30.84765625
34.89062500
31.95703125
207.25000000
152.08593750
138.52343750
235.85937500
200.86328125
168.19921875
173.64062500
193.92187500
137.78515625
147.47265625
113.08593750
161.32031250
214.97656250
187.40234375
154.78906250
255.18359375
150.67968750
128.35546875
94.76171875
183.17578125
255.99609375
238.19921875
255.99609375
246.08984375
155.46484375
142.37500000
113.75000000
192.23437500
