01010100010100011
01111111111111111
01101001110010000
01111111111111111
01000010011000010
01111111111111111
01111111111111111
01111111111111111
00110001010110000
00111110111100100
00110001000110110
01010100101000011
01111111111111111
01111111111111111
01111111111111111
01111111111111111
01000001100010010
01100011001000100
01011010001101111
01101101010011001
01111111111111111
01111111111111111
01111111111111111
01111111111111111
00101011000110100
01011100001001011
01011011010111001
01010010111001101
01010111110011100
01111111111111111
01111111111111111
01111111111111111
00000001110101000
00000010000010111
00000010001010011
00000001100110111
00110110111000000
00110100100100101
01000011011000011
00101101001000011
01111111111111111
01111111111111111
01111111111111111
01100110110111011
01111111111111111
01111111111111111
01111111111111111
01100101010110100
01111111111111111
01111111111111111
01111111111111111
01110100001111111
00101001111010101
00100111101011110
00110111101100011
00100000011010011
01111111111111111
01111111111111111
01111111111111111
01101010011001000
01111111111010101
01111111111111111
01111111111111111
01100001100101111
00110010100001110
01001110010011011
01000011101101111
00111111000001010
01011001001001110
01110110101000100
01011001001100000
01110011101010110
00110010110000011
01000110110001000
00111011110011001
01000111001000011
00100100100010111
00110011100001011
00101011010101010
00110101110111101
00001001101011101
00001110001001111
00001100100010011
00001111111110100
00011101100011111
00100011111101001
00011000100101010
00100101100001001
00110111111011110
01001100011001110
00111100011000110
01001011111101001
00000111101001011
00001011011010011
00001010111001110
00001110111100110
00101010111101011
00110010001011111
00101000011111100
00010010011110010
00110101010001010
01001000011011110
00110011000101111
00011101111000010
00111001100000110
01001000011111000
00111000110111101
00011110110110100
01111111111111111
01111111111111111
01111111111111111
01101110101111110
00110100000100011
01001000010010101
00101001101010011
00100001010011111
01100100111110110
01101011000110101
01001100111111011
00100011000011100
00101110011100111
00110000011000100
00011001011100111
00010001100101011
01101101011011001
01111100101110111
01000000111100111
00110011111110101
00100000010001100
00100000011001111
00010001011011001
00011111100001000
01110001011110100
01101111010000101
01000111001011010
01100111111000001
01011111010101010
01101000100010011
00110101000011000
01100010100010001
01111101010010111
01111111111111111
01001101101001100
01110110000100011
01111111111111111
01111111111111111
01010001001011110
01110101010101011
00101011111010010
00111000001000001
00100011011011110
00110000000101111
00010101001100001
00010100101110001
00001001101110101
00010110010101110
00100001100110010
00110001010110000
00010011110100100
00010110100001000
01101011110001010
01111111111111111
01110001101111111
01111111111111111
01111111111111111
01111111111111111
01111111111111111
01111111111111111
01111111111111111
01111111111111111
01111111111111111
01111111111111111
01111111111111111
01111111111111111
01111111111111111
01111111111111111
01111111111111111
01111111111111111
01111111111111111
01111111111111111
01111111111111111
01111111111111111
01111111111111111
01111111111111111
01111111111111111
01111111111111111
01111111111111111
01111111111111111
01101001110001011
01111111111111111
01100011100111100
01111111111111111
00011100000100101
00100000101100000
00010111110011100
00001011011000101
00101100000001100
00101111111000101
00100100000001101
00010101001110010
00001100000011010
00001100010101111
00001001111101111
00001000100000010
01000010010011010
01001100100101101
00110111111111011
00101101010000110
00100101101100101
00101001100010000
00011110111000111
00010101000100110
00111001010101101
00111111000010011
00110000010111000
00101011000110100
01000100110000110
01001101010010011
00111010101111101
00111000010011110
01010110100100100
01100010100000010
01001000100010101
00100100110111000
00111001010100111
00011001001010000
00101010111001100
00100110101100101
00000110000100011
00000001111101110
00000111011101111
00000100110011010
00000111110010001
00000011100111010
00001001100001100
00000110001100111
00110011110000001
00011001110001011
00110010100101101
00100111100010100
00011010010000001
00000111110100101
00011111111001110
00010101000101111
00011001000111101
00001000101010111
00011010111000000
00010011101111010
00001110001011110
00000100011001100
00010000001111101
00001010110001101
00101100110110001
00010001110011010
00100110100111000
00100001001000001
00011000000101001
00010101000100111
00100001011110011
00010101010101111
01111110100110000
01101101111111000
01111111111111111
01111110011110111
01101001110001010
01011001010000011
01111111111111111
01110010001000100
00100001001101000
00011110111111101
00110101101001000
00100110110101001
00100001010110011
00011100110101110
00110000001100110
00011110001101011
00100111101001000
00100011000000111
00111110000110000
00100110100001010
01100011101101100
01010101111100000
01111111111111111
01100100000000110
01111111111111111
01111111111111111
01111111111111111
01111111111111111
00010001101111100
00001111011011001
00010001011100100
00001111111110101
01100111101000000
01001100000010110
01000101010000110
01110101111011100
01100100011011101
01010100000110011
01010110110100100
01100000111101100
01000100111001001
01001001101111001
00111000100010110
01010000101010010
01101011011111010
01011101101100111
01001101011001010
01111111100101111
01001011010101110
01000000001011011
00101111011000011
01011011100101101
01111111111111111
01110111000110011
01111111111111111
01111011000010111
01001101101110111
01000111001100000
00111000111000000
01100000000111100
