000111101
110010011
111100101
000011010
101000111
001010111
001001110
011101000
110101101
110110101
010000010
001011101
010001100
100101111
011011100
010100001
010110000
100101000
001011101
011010001
100001011
101100101
011110000
101010101
110101000
111000101
011011000
011100011
101000110
001110111
110010001
101101110
0100101101
1001010000
0111000100
0000001110
1001011100
1000111100
1100110010
0000110111
1000000011
0101100001
1101010111
1101101000
1000011100
1100101010
0011100100
0101111100
0101101101
0101001111
1100001101
0110110100
1101000110
1001000010
1110001101
1011100110
0010101011
1100000111
0010010101
0000111110
1100110111
1100010101
0011000000
1011000000
0100101101
1001010000
0111000100
0000001110
1001011100
1000111100
1100110010
0000110111
1000000011
0101100001
1101010111
1101101000
1000011100
1100101010
0011100100
0101111100
0101101101
0101001111
1100001101
0110110100
1101000110
1001000010
1110001101
1011100110
0010101011
1100000111
0010010101
0000111110
1100110111
1100010101
0011000000
1011000000
100100000
100111001
000100010
010101011
000001011
100010111
010111010
111000100
110100101
000100000
110000001
110101111
011100101
111100101
111101010
011011110
100000100
010111101
001100111
011100011
101100001
010100011
110001011
011011110
000100110
001000110
000010110
001111010
010001101
011001101
001110011
000001111
100100000
100111001
000100010
010101011
000001011
100010111
010111010
111000100
110100101
000100000
110000001
110101111
011100101
111100101
111101010
011011110
100000100
010111101
001100111
011100011
101100001
010100011
110001011
011011110
000100110
001000110
000010110
001111010
010001101
011001101
001110011
000001111
